1 100
2 12
3 74
4 13
5 45
6 75
7 42
8 39
9 51
10 14
11 27
12 5
13 57
14 24
15 46
16 32
17 76
18 72
19 43
20 40
21 52
22 65
23 18
24 91
25 26
26 4
27 71
28 64
29 17
30 3
31 63
32 16
33 2
34 15
35 1
36 81
37 82
38 54
39 60
40 28
41 83
42 6
43 55
44 61
45 58
46 21
47 86
48 29
49 96
50 84
51 48
52 7
53 34
54 99
55 56
56 23
57 25
58 62
59 0
60 80
61 59
62 47
63 33
64 22
65 87
66 67
67 88
68 68
69 10
70 37
71 30
72 89
73 69
74 97
75 77
76 11
77 73
78 44
79 41
80 38
81 50
82 31
83 90
84 70
85 53
86 20
87 85
88 95
89 98
90 79
91 66
92 9
93 36
94 49
95 19
96 94
97 78
98 8
99 35
100 93
101 92
